2.176241452553424 6.474294526523483 2.5417561487565328 3.5908643467297585 1.0573008194709872 8973.86903525281 61.7830012853525 11310.844858124854 155.94763698595875 10.031423145292775
1.9802369749230369 6.6202495870062865 2.032981911501257 3.85273840335395 1.7753296541670105 12241.368728331667 265.90007668563743 11129.895586920313 126.42102185043363 9.92736905002672
1.5158332990285261 2.1970177913924376 2.98138012654498 3.190455757916709 1.7277834787562112 14598.094727608213 186.51390012294226 9136.905247305342 91.92849860905092 10.034231544652236
2.291869412607087 7.061653569647982 1.899301811749809 5.539162432529407 1.8570487729461278 14254.49324830939 248.51434836464088 9783.974975356228 69.13559191815526 9.960348342202938
1.6136739466266363 5.5218893264419044 1.0478500875594983 5.260167771130087 1.5746376871898182 9436.908512151113 254.60625697889756 7192.712112293676 170.7672361849986 10.056602631111238
1.8771105936135994 4.725674813436515 1.487478795845777 2.8837947244885966 1.0783008889156709 5976.742389265832 50.40220231702253 11449.303783645635 179.96267263273225 10.050421120442032
1.849507625498018 7.578824801369638 1.2287159313295173 5.163927663545827 1.6870043301447022 11014.816242067556 73.94814942939126 10339.632557499224 65.74019215307126 9.934085774641206
1.2800235826677078 5.930748349353408 2.4636720436826764 5.701438941491633 1.9550058031496402 5093.110159747704 228.90090246995806 644.7143748931359 96.71076485467533 10.03385065809441
2.6835372869939684 6.92307048526756 1.271919028643626 4.422409565866956 1.9661903721267018 6721.733747939891 250.16379199158408 2163.2614404923943 177.41669951158678 9.92353960697331
2.9705975689437896 1.5035492110630337 1.1602496808324216 5.158115048658706 1.537629716339911 9381.915855336196 122.55448255622223 1151.5330695781047 57.03739713411154 10.042211019811655
0.8751283785688482 5.564781134524024 1.879743068001642 4.587036576726659 1.1814802523157977 6961.618247184065 212.97468326664784 6307.27497686462 152.4246981407203 9.993955274116969
0.9966528293458033 5.05881854953299 2.2456787965823066 4.4873538650274325 1.1979768077905346 5643.041058088732 132.34230149697126 4523.21985284837 128.58931094133152 10.058073726077492
2.7078499683743558 4.884068757149576 2.3595963880706856 3.6643222327132037 1.3177390411432937 6486.106868636262 240.06078909784128 2512.972311319878 144.08720251724213 10.003382932159827
2.87168838153334 5.713946408949814 2.6720138343709685 4.928289169567153 1.1036092104638686 6311.757171276897 227.11185538060815 3395.1374328935085 194.06019702594932 10.09247999022249
2.6069048794232734 2.981626022381229 2.1135972503834566 4.296730868828357 1.41397784197577 6385.66548965183 91.91779600499223 1009.770537383683 119.60196086452753 9.933142808847835
2.721477472742938 2.601848735894093 1.6007040251170004 2.992134960892695 1.2303152896237668 2770.286255972669 281.245364336184 5658.114173545177 139.76318569250736 10.06725698514308
1.6798340165717465 4.512187024444604 1.0189499962336739 2.3499649850397644 1.632303114573157 2011.547761133095 113.03999450846015 12652.128395342857 133.67775926732492 10.044559789860543
2.908727449786606 7.725754251241886 1.2099714320887403 4.917952230285569 1.3576449643134074 10626.873088743228 43.27367811096444 11959.136814339487 109.867759864057 10.08030453212775
2.8483577375412503 3.351424280929167 2.067067526953757 3.955651433338618 1.9316618740025748 14788.64551089598 106.02739696397917 5224.69644463127 99.36743635906689 9.953837342024995
2.62723184575251 2.7120602044836524 2.400336511880412 3.053033795427928 1.012742950821446 4122.319783828312 243.6972881734393 6769.490525149559 57.669880768041956 9.951220903012512
1.6301716852776331 5.213163922128544 1.4452581627105454 4.691922629899112 1.5494981531038645 4507.331336985293 55.520766185038426 9069.166316430594 124.75947813290425 9.940073626775426
1.9372971209443575 3.735821093533058 1.4290839034351244 3.488990525784509 1.476727270486076 12408.916741376986 254.0712116628599 1793.0950228384993 117.69048544906673 10.094921190927112
1.2207314944648844 2.8354231231187805 1.1468269658692891 5.229528092726566 1.8291460434643163 11599.796707187772 164.13559028557646 7681.964042378438 82.31994411196436 9.907801708158834
2.5753938938887107 3.013569787481341 2.4526954263238263 4.125365854469022 1.6701165064488175 7242.683530228763 83.1824883755175 4343.900744706891 67.33182299046007 9.971014739104964
2.190119025203716 7.435422211561871 1.8576289179934045 2.186800591890231 1.129033060832967 2145.0956882298715 87.03973946242576 3705.681064918745 80.2528849299882 10.023371828714897
1.807906838259743 3.9612451871135352 1.5210415236810244 3.345883513172514 1.0218262279655288 8197.367373184261 139.96966898799414 514.7307700260725 55.80292012551258 10.049070673947673
1.074497686999701 6.106226761911618 2.2087351965995428 2.8249867049961512 1.5998499969204527 13701.044171772835 223.0660847007261 918.5052837918915 171.54765723105834 10.000921868701083
2.0836868894430056 5.013893006223601 1.7952019375192139 2.5858822372121963 1.4319031873991084 11232.22637446412 208.41604645072783 5948.879828387875 50.93281744239719 10.087000798324784
2.5277333099083275 6.562190266549669 2.8886633526554917 5.856257278767741 1.4990631170783852 5773.8516271816325 140.95039806657692 8279.596906540975 192.51465208911335 9.962602871544325
1.3541915778498401 7.7794132728599585 2.7637775329568823 4.813388780353781 1.257226077173172 3157.0656134405845 101.75163539113895 1694.2167699751053 130.54466736736555 10.004454792239086
1.101830261116601 4.681197049135575 2.427670736584993 5.014070046755942 1.206348856748758 9592.13040963599 234.73938724614052 8507.098980237017 103.64935030012091 9.957964868067632
1.3035968787422463 5.834711624991639 1.3394791395430012 5.431606771031104 1.447433180837729 12482.068927398786 59.553677508562544 2367.4678219888397 167.31943215573938 10.04025700746267
1.8825768892755546 2.060932314316472 1.673916699002561 2.426994246913163 1.9468343358636568 11437.335238108053 70.62680311431903 10996.861880843186 166.30039514307344 9.902420517738342
1.1809330675610912 1.6132888127957627 2.5379927359490235 5.444945053937156 1.4824694075282818 6796.889692026969 288.5835166374593 10018.812437772754 63.89959535118955 9.987009079352967
1.1106480974523119 5.411224810811735 1.3172769733090717 2.2283430758364773 1.3307564535411618 13445.112004241628 79.83278642902901 6590.009867724697 120.59002649303925 10.0986329849941
2.435831463661575 7.514116123764861 1.5808215691275889 5.8388937193393655 1.7431932141086923 4758.088353533291 36.41403991844411 9439.441487482449 161.41065563920571 9.918161054973242
1.9080585797189042 4.39456965174519 2.1580417610523353 4.617442528175077 1.6560830128830677 7744.455430807128 285.70385655980533 3755.3271223165043 92.97893976394711 9.985669189587835
1.4636047634635139 7.3122716455821966 2.2370491091689564 5.784733709465179 1.0467784724440492 7868.65064758779 150.0263061125202 2907.6089349506815 94.12790262634401 10.07616309244593
1.0596148278740722 4.354592077760068 2.841145944695443 3.2218757075376154 1.2918116070768666 8314.531465477132 184.43100638275342 8805.410127141939 135.3602641867874 9.925626731593661
2.4635846367338172 2.909591649623473 2.7494764355357613 3.4234791677654375 1.1196322901418783 9768.675077267664 221.2616471306929 3056.51434351406 138.2149322052545 10.02191714852714
1.7792400768608672 7.816719423341789 1.2830071743646503 4.228126378801235 1.8181242115801093 12069.63089679512 190.12887322556247 7498.879418553094 52.53696515890676 9.9972589517373
2.2493575677605517 7.664342459594179 1.8084977745834219 4.735793878579084 1.3984239342518623 7448.023761908045 85.81284819862275 6984.478580589778 83.1343097766128 9.917237977030242
1.382542326820158 6.021995107468372 1.8269720885160385 3.535370529268536 1.4036682468879353 1600.0920196644029 241.49287656602067 12991.715948516448 169.96509387986794 9.905140481090724
0.8173382971347967 1.9124544903930387 2.9164073752737014 2.707737263543926 1.5826320077409477 3092.0006804601635 26.684439816575605 7788.703846076922 127.17534803295082 9.998765499524982
2.585861356262214 4.904923249696619 1.9684573931467162 2.7740525189890084 1.0342584262654306 13872.507045777114 157.34170340119738 7264.913662377803 136.42761814257688 10.027281467741567
0.948393348573978 6.282905512785652 2.0599000966584464 2.7354985761403334 1.0990261771123517 1805.3791289463159 297.53153589613515 8000.851408220323 74.1109758532797 9.978358824479741
1.0279278956406022 5.341052839259004 1.906838976597086 5.055345717886318 1.5097651258022005 3954.9776212085176 209.55786453290526 12149.447437351955 154.01782316682437 10.085540653228387
1.9585417475849465 3.6213496783635737 1.65446008382484 5.505747682740473 1.2461865760679218 9074.037104602014 290.4091794170036 2436.108928911191 85.72831919329884 10.074804606099898
2.1509061724383685 3.414013071212727 2.619310876488014 5.104199778719794 1.5164875060421628 14900.408462835914 23.782935238818716 5365.832366436583 89.36872718794783 9.995926484930626
2.3916022137536723 3.7879812426875423 1.3412104914009777 4.190264326807582 1.1554083296073396 1194.2137008718908 270.683106594338 5834.624538006715 182.70492979348418 10.088974836008527
1.4123844630993951 6.97969425815759 2.5000969984012853 4.088962075323277 1.4666423453626287 7403.998300082451 47.09615171121594 10738.015351809376 61.81892160763978 9.977803534529542
2.9251041740187347 3.0636733340512055 2.805080691992485 2.855951534502145 1.2840723426928062 14426.110693500092 120.44504128617139 4698.951074084273 189.54631126284332 10.073104287533077
0.9048295474620703 5.448247957570798 1.0934683339347635 3.383425893601448 1.3047931619606103 12963.648849731251 259.20059163718474 12467.72326456041 187.02224469869833 10.082134852035871
1.7350346680984856 4.824993829656546 1.10232828799791 5.729937166296199 1.5267331874297208 4904.750548647718 134.82341628474896 4126.266474322547 198.35834604791836 9.964010499795746
2.758227731356537 2.177798741095631 1.7331604225560802 3.9658265467872464 1.212532613363902 8018.455986899573 205.5479799369885 5482.068488111182 188.54844917997792 9.991075476147309
2.0575750524136476 3.254275142811199 2.720199512949149 3.7174498866847387 1.7093370314556604 3426.5212611641205 261.863087182908 9346.57275840719 87.54257638097937 9.975279796208582
2.7844423863171914 4.615025172183792 2.6807874516336483 3.911814296973634 1.7622978142574217 8596.061441933349 147.94221027133452 8410.613626577018 145.52865742371955 10.007682907790782
1.696845415200096 3.2117654726613454 1.1372202478497793 2.130389223457773 1.9103024896800624 10497.470726525129 178.60452855342334 8972.997006401096 123.04047247452853 9.98118855346602
1.147318256517014 2.462616057933295 1.2483709569882455 3.7901293583776408 1.0080362170123163 8804.707470672849 44.560189088255896 2687.5435047276246 199.00520261998207 9.947617691709244
2.126640754958982 6.320419205552678 1.7064465165534948 2.4722067212833485 1.7367998853838282 9858.310065195088 144.11394204023526 1357.369647464743 185.51929192362877 9.969685127777444
2.337000534123624 5.961153683412382 2.289907490075832 4.474107422061433 1.227053176081124 10278.430503083024 52.80756659234005 12833.018375313344 156.8636749362214 9.944302076194985
1.0015511103925916 1.840053116258242 2.652344435948276 5.981562159065765 1.6108312253184347 7676.873242641646 174.21472360398496 9682.04753075409 151.4455537171619 9.928224758717455
2.9495714543568496 2.4509569551447132 2.3340319361483566 3.261455802768401 1.8449759013194156 13153.168668069015 193.39711325276528 4781.059806612015 71.41272792109733 10.025960487803212
1.3320676085294636 5.7578242449422685 2.3678518548990857 5.930040253700219 1.690332012527679 6157.77653383678 264.3526459479609 12584.282155090514 113.58958065427427 9.95560338853232
2.98511358450801 5.158096290581264 1.393011956369497 5.304531917357343 1.7877544890294148 11845.94232394696 66.72310923553673 9910.385347679347 69.66117225294008 9.911872356531921
1.4955371795353387 3.5044480199282497 1.5078161763318507 3.452454372383391 1.9046703137381873 12835.3503232802 232.8000129264027 1380.368013352364 174.35479598233076 9.942682210196182
1.7156231652941942 4.177834655620589 1.9507761914576287 2.368967165101198 1.4265926478531668 3560.0317177298175 129.68948424313876 7004.553115609026 180.86058006514588 10.090406490682954
1.8274956368220063 6.401094388815904 1.570980209700435 4.660041944067342 1.878591429020867 2457.832452699386 215.44266989352147 12003.897145819205 95.26045832717253 10.013177383866957
2.743761684733786 7.360262293101407 1.3730794403566167 3.1494540543126748 1.6483435409073368 3761.508043727315 296.9047575715513 3305.1332673011757 106.25292751671215 10.068720114459202
0.9562087737215152 7.223585611009588 1.9880319993249138 2.241143777847877 1.0629419496659096 8465.770645744338 162.45612806831326 833.5387354238514 77.94264389435978 9.973344740171676
1.651161001750907 1.7186277820225373 1.4694382776460186 2.663403562338341 1.557826472347268 11103.848386745714 108.71749914083657 3239.6023926679604 110.74889917675779 10.008307490501124
2.297856141699151 6.815567497025299 1.5401542144774143 5.611806555920367 1.6022085070048644 14571.80170157331 220.00555311267712 11732.494352012041 72.6405503220633 10.017905657076362
2.269928657810157 1.5368150991051488 2.0811884557809615 4.271710651140278 1.8884260494961924 4230.579647206665 20.977463228960726 10188.03447780346 195.56855814329467 10.054430057625055
1.583416026149016 5.63607498533851 2.481343335838125 2.0957498321427868 1.2651798805298045 3265.5319706165715 15.402244890562585 3943.6561404949216 184.16984893855883 10.011696442066176
2.0387307126708833 7.8717824090780635 1.7408350765327665 5.381042729412881 1.8010266992917434 3911.9030371122712 278.69535401988065 4440.019332696262 148.85736778989983 10.039522127083094
2.8428110337686627 1.9290134869846234 2.1846245303309155 4.071654813264999 1.7954242816421548 2935.212988774372 177.2289541942637 5581.809596234632 75.82633535145672 9.909360643031128
1.217495902009425 4.495069428977345 2.839257801180728 5.3586872843789335 1.140960792524928 13912.559203639597 126.20433829603245 9557.952915644397 79.14577886028785 9.989126972945815
1.5649758701918772 6.209719687192495 2.260450048503281 4.7747356188784815 1.458277329326408 10110.1002980523 18.816333039328185 2810.041157251873 59.650675551456786 10.06073897323559
1.757982268152244 4.00082484994104 2.7833790936789877 4.38741267053306 1.9204299127118465 1868.9105018438752 96.03609587721579 1589.1399349331227 192.1411887643296 10.02960222592729
0.9165824504979073 6.717286392319441 1.6218434342756596 4.875266576426366 1.3717808073339417 1392.5907626015087 94.22808216664454 8720.410030613048 141.69899592483003 9.982912212231525
1.42363946767885 4.058646927828403 1.4047753881511473 2.5010733203028503 1.365796083715997 2384.7129953671656 100.1840398018903 4954.984203508968 87.36900027570896 10.079326157218558
2.4275755981294047 4.158225609097199 2.585829870724336 3.6128101455492923 1.3490929241195821 5045.49798312149 180.8330703649096 6625.272371408251 116.18013148114943 9.901024813735745
1.2524400531544864 3.540327758296612 2.398608286620173 4.025638207618389 1.080873184777986 5612.725495240358 152.37922922378308 7924.652215786491 112.57757518458733 10.01500002825961
2.228589449616088 3.8963534682307808 2.1283743380814593 2.3124450056668238 1.9946452910497996 5343.964959981856 33.35567645419137 12293.184605254151 162.80838878427375 10.096088028833224
0.8372228297654902 2.7594891897878213 2.172425190201669 2.6197976925857422 1.8680954413737147 14024.673336532864 195.36066121355586 10545.497275964606 165.1402587548987 10.071418679673808
2.820723739029659 6.790675784757376 2.6320724600942196 3.835683637486441 1.7546082628099158 1055.0047469296696 115.36178662827419 4040.354127614833 146.2640716926331 9.91259263183464
0.8593664809291007 3.687379032714165 2.943481220588921 4.328538064224743 1.622351775093946 10893.853117255234 171.70981884743105 5027.464017066664 175.051492718537 9.948518545619711
1.310051486086854 7.111003388216339 1.0296400307265317 2.049023512845513 1.8916536115661393 13586.88151225889 198.59682805234834 10420.861136400505 102.37634863257014 10.0189757352383
1.994167873994909 7.165996928311477 2.9740136610886214 4.980960526992618 1.1638234207625142 7078.567904851216 30.604240907219925 6042.721146656182 100.08884101300194 10.04619718759499
2.552490749616009 3.16374357922727 2.0111809785184276 2.931556624569164 1.3895469454457918 5258.633793909784 201.8262787858458 6246.169321973035 107.94469730082014 9.931105276612486
2.3773255671245668 2.2671324509460886 1.9332481791230003 3.0913066496500763 1.1337419333394214 13213.101341972544 272.19790504004624 6417.959827550647 62.8211870747479 10.064860184173622
2.1066473316964336 5.2701095571489915 2.879796136994077 2.5383353568865017 1.5686268221864825 1429.8186314982745 166.29619103933868 8236.071321480602 132.16271701544872 9.915239517624288
2.515643385095264 2.031570065034224 1.7685371290509728 5.579716545856678 1.2730680787310649 4362.474909768173 66.1696275661716 11101.041976368575 115.43815132605526 9.920118684611205
2.6639070546722867 4.247668892082973 1.182030255046882 3.0330748240338337 1.7197112617681265 2563.946864291257 293.3551514134582 11829.53797334497 105.2994074295515 9.936912794636918
1.172013235388144 6.521099402020496 1.0660680406551113 5.883692007653816 1.173870028805853 10667.593563033237 110.14192166205028 10823.62301397028 149.86274399610653 10.036125658107007
2.0277820819778922 1.7861648205306868 2.9204452355384705 2.0386391014604257 1.6655058657231365 10083.91830947565 274.61018573583476 7537.617715333029 159.54265446236673 9.967148487031222
1.4592205161763774 7.962578530197193 2.3005433918105913 3.734090552840831 1.9847612493207918 11648.87173696831 157.69822734225926 2007.2972376359537 53.40873717531804 10.053737679299877
1.5343985782409695 1.449403384020667 2.5685901142494396 5.651060980695069 1.3233126656672916 12759.639816253439 123.49008550155429 1929.3289131691156 177.50144609585442 10.063450839431507
2.357258873177372 2.5309364902880276 1.691220065411536 3.299811242512206 1.8315911536405358 12052.091146961258 38.9278488191635 3518.8553970221355 158.44802020413408 9.959707332800798
2.491344429271458 2.355246593383868 2.7136062762503124 4.5291567188402695 1.9790039747377555 9177.12485267267 76.38715263223467 11553.528452685354 141.01106719768666 9.938178829316946
